	D	J	M
R:5	100.0	0.0	0.0
W:199	25.1256281407	46.7336683417	28.1407035176
N:0	0	0	0
