	D	J	M
R:32KB	100.0	0.0	0.0
W:1844KB	13.6659436009	77.4403470716	8.89370932755
N:0KB	0	0	0
